 TTAA 52001 72393 99000 16050 30015 00099 ///// ///// 92755 13664 32514 85462
10467 03513 70054 04299 32018 50575 09390 30540 40744 21795 30553 30949 37779
30557 25072 46776 30055 20217 53967 27549 15401 59382 24056 10650 65778 23539
88109 66378 23541 77290 30561 40809 51515 10164 00091 10194 33514 34513
 TTBB 5200/ 72393 00000 16050 11990 13437 22979 12633 33972 12657 44965 11432
55962 12660 66951 13864 77948 13864 88904 13464 99850 10467 11747 05083 22701
04299 33670 03899 44655 05899 55631 05699 66570 00593 77512 08182 88326 33982
99210 53965 11205 54565 22185 54782 33178 54982 44149 59781 55121 62780 66110
66178 77109 66378 31313 51108 82317 41414 00900
 PPBB 52008 72393 90/12 30015 31025 30524 90345 34013 03015 04510 90678 00514
36015 34513 909// 33021 91234 32031 30531 30036 916// 30537 9205/ 31044 30553
93023 30552 31057 30561 93789 29550 28546 27558 94012 28553 27040 25046 9467/
23552 24057 9501/ 25049 25038
